//initializare vector a
a=[0,0.1,0.2,0.3,0.4,0.5,0.6,0.7,0.8,0.9,1,1.1,1.2,1.3,1.4,1.5,1.6,1.7,1.8,1.9,2]

a =

  Columns 1 through 9

         0    0.1000    0.2000    0.3000    0.4000    0.5000    0.6000    0.7000    0.8000

  Columns 10 through 18

    0.9000    1.0000    1.1000    1.2000    1.3000    1.4000    1.5000    1.6000    1.7000

  Columns 19 through 21

    1.8000    1.9000    2.0000
//initializare vector b
>> b=[1;1;1;1;1;1;1;1;1;1;1;1;1;1;1;1;1;1;1;1;1]

b =

     1
     1
     1
     1
     1
     1
     1
     1
     1
     1
     1
     1
     1
     1
     1
     1
     1
     1
     1
     1
     1
//a) inmultirea a*b (vectorul b trebuie sa aiba 21 de elemente, precum vectorul a)
>> a*b

ans =

    21
//b) inmultirea b*a
>> b*a

ans =

  Columns 1 through 9

         0    0.1000    0.2000    0.3000    0.4000    0.5000    0.6000    0.7000    0.8000
         0    0.1000    0.2000    0.3000    0.4000    0.5000    0.6000    0.7000    0.8000
         0    0.1000    0.2000    0.3000    0.4000    0.5000    0.6000    0.7000    0.8000
         0    0.1000    0.2000    0.3000    0.4000    0.5000    0.6000    0.7000    0.8000
         0    0.1000    0.2000    0.3000    0.4000    0.5000    0.6000    0.7000    0.8000
         0    0.1000    0.2000    0.3000    0.4000    0.5000    0.6000    0.7000    0.8000
         0    0.1000    0.2000    0.3000    0.4000    0.5000    0.6000    0.7000    0.8000
         0    0.1000    0.2000    0.3000    0.4000    0.5000    0.6000    0.7000    0.8000
         0    0.1000    0.2000    0.3000    0.4000    0.5000    0.6000    0.7000    0.8000
         0    0.1000    0.2000    0.3000    0.4000    0.5000    0.6000    0.7000    0.8000
         0    0.1000    0.2000    0.3000    0.4000    0.5000    0.6000    0.7000    0.8000
         0    0.1000    0.2000    0.3000    0.4000    0.5000    0.6000    0.7000    0.8000
         0    0.1000    0.2000    0.3000    0.4000    0.5000    0.6000    0.7000    0.8000
         0    0.1000    0.2000    0.3000    0.4000    0.5000    0.6000    0.7000    0.8000
         0    0.1000    0.2000    0.3000    0.4000    0.5000    0.6000    0.7000    0.8000
         0    0.1000    0.2000    0.3000    0.4000    0.5000    0.6000    0.7000    0.8000
         0    0.1000    0.2000    0.3000    0.4000    0.5000    0.6000    0.7000    0.8000
         0    0.1000    0.2000    0.3000    0.4000    0.5000    0.6000    0.7000    0.8000
         0    0.1000    0.2000    0.3000    0.4000    0.5000    0.6000    0.7000    0.8000
         0    0.1000    0.2000    0.3000    0.4000    0.5000    0.6000    0.7000    0.8000
         0    0.1000    0.2000    0.3000    0.4000    0.5000    0.6000    0.7000    0.8000

  Columns 10 through 18

    0.9000    1.0000    1.1000    1.2000    1.3000    1.4000    1.5000    1.6000    1.7000
    0.9000    1.0000    1.1000    1.2000    1.3000    1.4000    1.5000    1.6000    1.7000
    0.9000    1.0000    1.1000    1.2000    1.3000    1.4000    1.5000    1.6000    1.7000
    0.9000    1.0000    1.1000    1.2000    1.3000    1.4000    1.5000    1.6000    1.7000
    0.9000    1.0000    1.1000    1.2000    1.3000    1.4000    1.5000    1.6000    1.7000
    0.9000    1.0000    1.1000    1.2000    1.3000    1.4000    1.5000    1.6000    1.7000
    0.9000    1.0000    1.1000    1.2000    1.3000    1.4000    1.5000    1.6000    1.7000
    0.9000    1.0000    1.1000    1.2000    1.3000    1.4000    1.5000    1.6000    1.7000
    0.9000    1.0000    1.1000    1.2000    1.3000    1.4000    1.5000    1.6000    1.7000
    0.9000    1.0000    1.1000    1.2000    1.3000    1.4000    1.5000    1.6000    1.7000
    0.9000    1.0000    1.1000    1.2000    1.3000    1.4000    1.5000    1.6000    1.7000
    0.9000    1.0000    1.1000    1.2000    1.3000    1.4000    1.5000    1.6000    1.7000
    0.9000    1.0000    1.1000    1.2000    1.3000    1.4000    1.5000    1.6000    1.7000
    0.9000    1.0000    1.1000    1.2000    1.3000    1.4000    1.5000    1.6000    1.7000
    0.9000    1.0000    1.1000    1.2000    1.3000    1.4000    1.5000    1.6000    1.7000
    0.9000    1.0000    1.1000    1.2000    1.3000    1.4000    1.5000    1.6000    1.7000
    0.9000    1.0000    1.1000    1.2000    1.3000    1.4000    1.5000    1.6000    1.7000
    0.9000    1.0000    1.1000    1.2000    1.3000    1.4000    1.5000    1.6000    1.7000
    0.9000    1.0000    1.1000    1.2000    1.3000    1.4000    1.5000    1.6000    1.7000
    0.9000    1.0000    1.1000    1.2000    1.3000    1.4000    1.5000    1.6000    1.7000
    0.9000    1.0000    1.1000    1.2000    1.3000    1.4000    1.5000    1.6000    1.7000

  Columns 19 through 21

    1.8000    1.9000    2.0000
    1.8000    1.9000    2.0000
    1.8000    1.9000    2.0000
    1.8000    1.9000    2.0000
    1.8000    1.9000    2.0000
    1.8000    1.9000    2.0000
    1.8000    1.9000    2.0000
    1.8000    1.9000    2.0000
    1.8000    1.9000    2.0000
    1.8000    1.9000    2.0000
    1.8000    1.9000    2.0000
    1.8000    1.9000    2.0000
    1.8000    1.9000    2.0000
    1.8000    1.9000    2.0000
    1.8000    1.9000    2.0000
    1.8000    1.9000    2.0000
    1.8000    1.9000    2.0000
    1.8000    1.9000    2.0000
    1.8000    1.9000    2.0000
    1.8000    1.9000    2.0000
    1.8000    1.9000    2.0000
//c) inmultirea element cu element a*b (rezultatul coincide cu inmultirea a*b)
>> c=[a(1,1)*b(1,1)+a(1,2)*b(2,1)+a(1,3)*b(3,1)+a(1,4)*b(4,1)+a(1,5)*b(5,1)+a(1,6)*b(6,1)+a(1,7)*b(7,1)+a(1,8)*b(8,1)+a(1,9)*b(9,1)+a(1,10)*b(10,1)+a(1,11)*b(11,1)+a(1,12)*b(12,1)+a(1,13)*b(13,1)+a(1,14)*b(14,1)+a(1,15)*b(15,1)+a(1,16)*b(16,1)+a(1,17)*b(17,1)+a(1,18)*b(18,1)+a(1,19)*b(19,1)+a(1,20)*b(20,1)+a(1,21)*b(21,1)]

c =

   21.0000

